8 5 2 9 0 7 1 4 6 3 8 5 2 9 0 7 1 4 6 3 8 5 2 9 0 7 1 4 6 3 8 5 2 9 0 7 1 4 6 3 8 5 2 9 0 7 1 4 6 3 8 5 2 9 0 7 1 4 6 3 8 5 2 9 0 7 1 4 6 3 8 5 2 9 0 7 1 4 6 3 8 5 2 9 0 7 1 4 6 3 8 5 2 9 0 7 1 4 6 3
1 7 4 0 9 6 3 2 8 5 1 7 4 0 9 6 3 2 8 5 1 7 4 0 9 6 3 2 8 5 1 7 4 0 9 6 3 2 8 5 1 7 4 0 9 6 3 2 8 5 1 7 4 0 9 6 3 2 8 5 1 7 4 0 9 6 3 2 8 5 1 7 4 0 9 6 3 2 8 5 1 7 4 0 9 6 3 2 8 5 1 7 4 0 9 6 3 2 8 5
3 6 9 2 5 8 1 4 7 0 3 6 9 2 5 8 1 4 7 0 3 6 9 2 5 8 1 4 7 0 3 6 9 2 5 8 1 4 7 0 3 6 9 2 5 8 1 4 7 0 3 6 9 2 5 8 1 4 7 0 3 6 9 2 5 8 1 4 7 0 3 6 9 2 5 8 1 4 7 0 3 6 9 2 5 8 1 4 7 0 3 6 9 2 5 8 1 4 7 0
2 8 5 1 4 7 0 3 6 9 2 8 5 1 4 7 0 3 6 9 2 8 5 1 4 7 0 3 6 9 2 8 5 1 4 7 0 3 6 9 2 8 5 1 4 7 0 3 6 9 2 8 5 1 4 7 0 3 6 9 2 8 5 1 4 7 0 3 6 9 2 8 5 1 4 7 0 3 6 9 2 8 5 1 4 7 0 3 6 9 2 8 5 1 4 7 0 3 6 9
0 9 6 3 2 5 8 1 4 7 0 9 6 3 2 5 8 1 4 7 0 9 6 3 2 5 8 1 4 7 0 9 6 3 2 5 8 1 4 7 0 9 6 3 2 5 8 1 4 7 0 9 6 3 2 5 8 1 4 7 0 9 6 3 2 5 8 1 4 7 0 9 6 3 2 5 8 1 4 7 0 9 6 3 2 5 8 1 4 7 0 9 6 3 2 5 8 1 4 7
4 7 0 3 6 9 2 5 8 1 4 7 0 3 6 9 2 5 8 1 4 7 0 3 6 9 2 5 8 1 4 7 0 3 6 9 2 5 8 1 4 7 0 3 6 9 2 5 8 1 4 7 0 3 6 9 2 5 8 1 4 7 0 3 6 9 2 5 8 1 4 7 0 3 6 9 2 5 8 1 4 7 0 3 6 9 2 5 8 1 4 7 0 3 6 9 2 5 8 1
5 8 1 4 7 0 3 6 9 2 5 8 1 4 7 0 3 6 9 2 5 8 1 4 7 0 3 6 9 2 5 8 1 4 7 0 3 6 9 2 5 8 1 4 7 0 3 6 9 2 5 8 1 4 7 0 3 6 9 2 5 8 1 4 7 0 3 6 9 2 5 8 1 4 7 0 3 6 9 2 5 8 1 4 7 0 3 6 9 2 5 8 1 4 7 0 3 6 9 2
6 9 2 5 8 1 4 7 0 3 6 9 2 5 8 1 4 7 0 3 6 9 2 5 8 1 4 7 0 3 6 9 2 5 8 1 4 7 0 3 6 9 2 5 8 1 4 7 0 3 6 9 2 5 8 1 4 7 0 3 6 9 2 5 8 1 4 7 0 3 6 9 2 5 8 1 4 7 0 3 6 9 2 5 8 1 4 7 0 3 6 9 2 5 8 1 4 7 0 3
7 0 3 6 9 2 5 8 1 4 7 0 3 6 9 2 5 8 1 4 7 0 3 6 9 2 5 8 1 4 7 0 3 6 9 2 5 8 1 4 7 0 3 6 9 2 5 8 1 4 7 0 3 6 9 2 5 8 1 4 7 0 3 6 9 2 5 8 1 4 7 0 3 6 9 2 5 8 1 4 7 0 3 6 9 2 5 8 1 4 7 0 3 6 9 2 5 8 1 4
9 2 5 8 1 4 7 0 3 6 9 2 5 8 1 4 7 0 3 6 9 2 5 8 1 4 7 0 3 6 9 2 5 8 1 4 7 0 3 6 9 2 5 8 1 4 7 0 3 6 9 2 5 8 1 4 7 0 3 6 9 2 5 8 1 4 7 0 3 6 9 2 5 8 1 4 7 0 3 6 9 2 5 8 1 4 7 0 3 6 9 2 5 8 1 4 7 0 3 6
8 5 2 9 0 7 1 4 6 3 8 5 2 9 0 7 1 4 6 3 8 5 2 9 0 7 1 4 6 3 8 5 2 9 0 7 1 4 6 3 8 5 2 9 0 7 1 4 6 3 8 5 2 9 0 7 1 4 6 3 8 5 2 9 0 7 1 4 6 3 8 5 2 9 0 7 1 4 6 3 8 5 2 9 0 7 1 4 6 3 8 5 2 9 0 7 1 4 6 3
1 7 4 0 9 6 3 2 8 5 1 7 4 0 9 6 3 2 8 5 1 7 4 0 9 6 3 2 8 5 1 7 4 0 9 6 3 2 8 5 1 7 4 0 9 6 3 2 8 5 1 7 4 0 9 6 3 2 8 5 1 7 4 0 9 6 3 2 8 5 1 7 4 0 9 6 3 2 8 5 1 7 4 0 9 6 3 2 8 5 1 7 4 0 9 6 3 2 8 5
3 6 9 2 5 8 1 4 7 0 3 6 9 2 5 8 1 4 7 0 3 6 9 2 5 8 1 4 7 0 3 6 9 2 5 8 1 4 7 0 3 6 9 2 5 8 1 4 7 0 3 6 9 2 5 8 1 4 7 0 3 6 9 2 5 8 1 4 7 0 3 6 9 2 5 8 1 4 7 0 3 6 9 2 5 8 1 4 7 0 3 6 9 2 5 8 1 4 7 0
2 8 5 1 4 7 0 3 6 9 2 8 5 1 4 7 0 3 6 9 2 8 5 1 4 7 0 3 6 9 2 8 5 1 4 7 0 3 6 9 2 8 5 1 4 7 0 3 6 9 2 8 5 1 4 7 0 3 6 9 2 8 5 1 4 7 0 3 6 9 2 8 5 1 4 7 0 3 6 9 2 8 5 1 4 7 0 3 6 9 2 8 5 1 4 7 0 3 6 9
0 9 6 3 2 5 8 1 4 7 0 9 6 3 2 5 8 1 4 7 0 9 6 3 2 5 8 1 4 7 0 9 6 3 2 5 8 1 4 7 0 9 6 3 2 5 8 1 4 7 0 9 6 3 2 5 8 1 4 7 0 9 6 3 2 5 8 1 4 7 0 9 6 3 2 5 8 1 4 7 0 9 6 3 2 5 8 1 4 7 0 9 6 3 2 5 8 1 4 7
4 7 0 3 6 9 2 5 8 1 4 7 0 3 6 9 2 5 8 1 4 7 0 3 6 9 2 5 8 1 4 7 0 3 6 9 2 5 8 1 4 7 0 3 6 9 2 5 8 1 4 7 0 3 6 9 2 5 8 1 4 7 0 3 6 9 2 5 8 1 4 7 0 3 6 9 2 5 8 1 4 7 0 3 6 9 2 5 8 1 4 7 0 3 6 9 2 5 8 1
5 8 1 4 7 0 3 6 9 2 5 8 1 4 7 0 3 6 9 2 5 8 1 4 7 0 3 6 9 2 5 8 1 4 7 0 3 6 9 2 5 8 1 4 7 0 3 6 9 2 5 8 1 4 7 0 3 6 9 2 5 8 1 4 7 0 3 6 9 2 5 8 1 4 7 0 3 6 9 2 5 8 1 4 7 0 3 6 9 2 5 8 1 4 7 0 3 6 9 2
6 9 2 5 8 1 4 7 0 3 6 9 2 5 8 1 4 7 0 3 6 9 2 5 8 1 4 7 0 3 6 9 2 5 8 1 4 7 0 3 6 9 2 5 8 1 4 7 0 3 6 9 2 5 8 1 4 7 0 3 6 9 2 5 8 1 4 7 0 3 6 9 2 5 8 1 4 7 0 3 6 9 2 5 8 1 4 7 0 3 6 9 2 5 8 1 4 7 0 3
7 0 3 6 9 2 5 8 1 4 7 0 3 6 9 2 5 8 1 4 7 0 3 6 9 2 5 8 1 4 7 0 3 6 9 2 5 8 1 4 7 0 3 6 9 2 5 8 1 4 7 0 3 6 9 2 5 8 1 4 7 0 3 6 9 2 5 8 1 4 7 0 3 6 9 2 5 8 1 4 7 0 3 6 9 2 5 8 1 4 7 0 3 6 9 2 5 8 1 4
9 2 5 8 1 4 7 0 3 6 9 2 5 8 1 4 7 0 3 6 9 2 5 8 1 4 7 0 3 6 9 2 5 8 1 4 7 0 3 6 9 2 5 8 1 4 7 0 3 6 9 2 5 8 1 4 7 0 3 6 9 2 5 8 1 4 7 0 3 6 9 2 5 8 1 4 7 0 3 6 9 2 5 8 1 4 7 0 3 6 9 2 5 8 1 4 7 0 3 6
8 5 2 9 0 7 1 4 6 3 8 5 2 9 0 7 1 4 6 3 8 5 2 9 0 7 1 4 6 3 8 5 2 9 0 7 1 4 6 3 8 5 2 9 0 7 1 4 6 3 8 5 2 9 0 7 1 4 6 3 8 5 2 9 0 7 1 4 6 3 8 5 2 9 0 7 1 4 6 3 8 5 2 9 0 7 1 4 6 3 8 5 2 9 0 7 1 4 6 3
1 7 4 0 9 6 3 2 8 5 1 7 4 0 9 6 3 2 8 5 1 7 4 0 9 6 3 2 8 5 1 7 4 0 9 6 3 2 8 5 1 7 4 0 9 6 3 2 8 5 1 7 4 0 9 6 3 2 8 5 1 7 4 0 9 6 3 2 8 5 1 7 4 0 9 6 3 2 8 5 1 7 4 0 9 6 3 2 8 5 1 7 4 0 9 6 3 2 8 5
3 6 9 2 5 8 1 4 7 0 3 6 9 2 5 8 1 4 7 0 3 6 9 2 5 8 1 4 7 0 3 6 9 2 5 8 1 4 7 0 3 6 9 2 5 8 1 4 7 0 3 6 9 2 5 8 1 4 7 0 3 6 9 2 5 8 1 4 7 0 3 6 9 2 5 8 1 4 7 0 3 6 9 2 5 8 1 4 7 0 3 6 9 2 5 8 1 4 7 0
2 8 5 1 4 7 0 3 6 9 2 8 5 1 4 7 0 3 6 9 2 8 5 1 4 7 0 3 6 9 2 8 5 1 4 7 0 3 6 9 2 8 5 1 4 7 0 3 6 9 2 8 5 1 4 7 0 3 6 9 2 8 5 1 4 7 0 3 6 9 2 8 5 1 4 7 0 3 6 9 2 8 5 1 4 7 0 3 6 9 2 8 5 1 4 7 0 3 6 9
0 9 6 3 2 5 8 1 4 7 0 9 6 3 2 5 8 1 4 7 0 9 6 3 2 5 8 1 4 7 0 9 6 3 2 5 8 1 4 7 0 9 6 3 2 5 8 1 4 7 0 9 6 3 2 5 8 1 4 7 0 9 6 3 2 5 8 1 4 7 0 9 6 3 2 5 8 1 4 7 0 9 6 3 2 5 8 1 4 7 0 9 6 3 2 5 8 1 4 7
4 7 0 3 6 9 2 5 8 1 4 7 0 3 6 9 2 5 8 1 4 7 0 3 6 9 2 5 8 1 4 7 0 3 6 9 2 5 8 1 4 7 0 3 6 9 2 5 8 1 4 7 0 3 6 9 2 5 8 1 4 7 0 3 6 9 2 5 8 1 4 7 0 3 6 9 2 5 8 1 4 7 0 3 6 9 2 5 8 1 4 7 0 3 6 9 2 5 8 1
5 8 1 4 7 0 3 6 9 2 5 8 1 4 7 0 3 6 9 2 5 8 1 4 7 0 3 6 9 2 5 8 1 4 7 0 3 6 9 2 5 8 1 4 7 0 3 6 9 2 5 8 1 4 7 0 3 6 9 2 5 8 1 4 7 0 3 6 9 2 5 8 1 4 7 0 3 6 9 2 5 8 1 4 7 0 3 6 9 2 5 8 1 4 7 0 3 6 9 2
6 9 2 5 8 1 4 7 0 3 6 9 2 5 8 1 4 7 0 3 6 9 2 5 8 1 4 7 0 3 6 9 2 5 8 1 4 7 0 3 6 9 2 5 8 1 4 7 0 3 6 9 2 5 8 1 4 7 0 3 6 9 2 5 8 1 4 7 0 3 6 9 2 5 8 1 4 7 0 3 6 9 2 5 8 1 4 7 0 3 6 9 2 5 8 1 4 7 0 3
7 0 3 6 9 2 5 8 1 4 7 0 3 6 9 2 5 8 1 4 7 0 3 6 9 2 5 8 1 4 7 0 3 6 9 2 5 8 1 4 7 0 3 6 9 2 5 8 1 4 7 0 3 6 9 2 5 8 1 4 7 0 3 6 9 2 5 8 1 4 7 0 3 6 9 2 5 8 1 4 7 0 3 6 9 2 5 8 1 4 7 0 3 6 9 2 5 8 1 4
9 2 5 8 1 4 7 0 3 6 9 2 5 8 1 4 7 0 3 6 9 2 5 8 1 4 7 0 3 6 9 2 5 8 1 4 7 0 3 6 9 2 5 8 1 4 7 0 3 6 9 2 5 8 1 4 7 0 3 6 9 2 5 8 1 4 7 0 3 6 9 2 5 8 1 4 7 0 3 6 9 2 5 8 1 4 7 0 3 6 9 2 5 8 1 4 7 0 3 6
8 5 2 9 0 7 1 4 6 3 8 5 2 9 0 7 1 4 6 3 8 5 2 9 0 7 1 4 6 3 8 5 2 9 0 7 1 4 6 3 8 5 2 9 0 7 1 4 6 3 8 5 2 9 0 7 1 4 6 3 8 5 2 9 0 7 1 4 6 3 8 5 2 9 0 7 1 4 6 3 8 5 2 9 0 7 1 4 6 3 8 5 2 9 0 7 1 4 6 3
1 7 4 0 9 6 3 2 8 5 1 7 4 0 9 6 3 2 8 5 1 7 4 0 9 6 3 2 8 5 1 7 4 0 9 6 3 2 8 5 1 7 4 0 9 6 3 2 8 5 1 7 4 0 9 6 3 2 8 5 1 7 4 0 9 6 3 2 8 5 1 7 4 0 9 6 3 2 8 5 1 7 4 0 9 6 3 2 8 5 1 7 4 0 9 6 3 2 8 5
3 6 9 2 5 8 1 4 7 0 3 6 9 2 5 8 1 4 7 0 3 6 9 2 5 8 1 4 7 0 3 6 9 2 5 8 1 4 7 0 3 6 9 2 5 8 1 4 7 0 3 6 9 2 5 8 1 4 7 0 3 6 9 2 5 8 1 4 7 0 3 6 9 2 5 8 1 4 7 0 3 6 9 2 5 8 1 4 7 0 3 6 9 2 5 8 1 4 7 0
2 8 5 1 4 7 0 3 6 9 2 8 5 1 4 7 0 3 6 9 2 8 5 1 4 7 0 3 6 9 2 8 5 1 4 7 0 3 6 9 2 8 5 1 4 7 0 3 6 9 2 8 5 1 4 7 0 3 6 9 2 8 5 1 4 7 0 3 6 9 2 8 5 1 4 7 0 3 6 9 2 8 5 1 4 7 0 3 6 9 2 8 5 1 4 7 0 3 6 9
0 9 6 3 2 5 8 1 4 7 0 9 6 3 2 5 8 1 4 7 0 9 6 3 2 5 8 1 4 7 0 9 6 3 2 5 8 1 4 7 0 9 6 3 2 5 8 1 4 7 0 9 6 3 2 5 8 1 4 7 0 9 6 3 2 5 8 1 4 7 0 9 6 3 2 5 8 1 4 7 0 9 6 3 2 5 8 1 4 7 0 9 6 3 2 5 8 1 4 7
4 7 0 3 6 9 2 5 8 1 4 7 0 3 6 9 2 5 8 1 4 7 0 3 6 9 2 5 8 1 4 7 0 3 6 9 2 5 8 1 4 7 0 3 6 9 2 5 8 1 4 7 0 3 6 9 2 5 8 1 4 7 0 3 6 9 2 5 8 1 4 7 0 3 6 9 2 5 8 1 4 7 0 3 6 9 2 5 8 1 4 7 0 3 6 9 2 5 8 1
5 8 1 4 7 0 3 6 9 2 5 8 1 4 7 0 3 6 9 2 5 8 1 4 7 0 3 6 9 2 5 8 1 4 7 0 3 6 9 2 5 8 1 4 7 0 3 6 9 2 5 8 1 4 7 0 3 6 9 2 5 8 1 4 7 0 3 6 9 2 5 8 1 4 7 0 3 6 9 2 5 8 1 4 7 0 3 6 9 2 5 8 1 4 7 0 3 6 9 2
6 9 2 5 8 1 4 7 0 3 6 9 2 5 8 1 4 7 0 3 6 9 2 5 8 1 4 7 0 3 6 9 2 5 8 1 4 7 0 3 6 9 2 5 8 1 4 7 0 3 6 9 2 5 8 1 4 7 0 3 6 9 2 5 8 1 4 7 0 3 6 9 2 5 8 1 4 7 0 3 6 9 2 5 8 1 4 7 0 3 6 9 2 5 8 1 4 7 0 3
7 0 3 6 9 2 5 8 1 4 7 0 3 6 9 2 5 8 1 4 7 0 3 6 9 2 5 8 1 4 7 0 3 6 9 2 5 8 1 4 7 0 3 6 9 2 5 8 1 4 7 0 3 6 9 2 5 8 1 4 7 0 3 6 9 2 5 8 1 4 7 0 3 6 9 2 5 8 1 4 7 0 3 6 9 2 5 8 1 4 7 0 3 6 9 2 5 8 1 4
9 2 5 8 1 4 7 0 3 6 9 2 5 8 1 4 7 0 3 6 9 2 5 8 1 4 7 0 3 6 9 2 5 8 1 4 7 0 3 6 9 2 5 8 1 4 7 0 3 6 9 2 5 8 1 4 7 0 3 6 9 2 5 8 1 4 7 0 3 6 9 2 5 8 1 4 7 0 3 6 9 2 5 8 1 4 7 0 3 6 9 2 5 8 1 4 7 0 3 6
8 5 2 9 0 7 1 4 6 3 8 5 2 9 0 7 1 4 6 3 8 5 2 9 0 7 1 4 6 3 8 5 2 9 0 7 1 4 6 3 8 5 2 9 0 7 1 4 6 3 8 5 2 9 0 7 1 4 6 3 8 5 2 9 0 7 1 4 6 3 8 5 2 9 0 7 1 4 6 3 8 5 2 9 0 7 1 4 6 3 8 5 2 9 0 7 1 4 6 3
1 7 4 0 9 6 3 2 8 5 1 7 4 0 9 6 3 2 8 5 1 7 4 0 9 6 3 2 8 5 1 7 4 0 9 6 3 2 8 5 1 7 4 0 9 6 3 2 8 5 1 7 4 0 9 6 3 2 8 5 1 7 4 0 9 6 3 2 8 5 1 7 4 0 9 6 3 2 8 5 1 7 4 0 9 6 3 2 8 5 1 7 4 0 9 6 3 2 8 5
3 6 9 2 5 8 1 4 7 0 3 6 9 2 5 8 1 4 7 0 3 6 9 2 5 8 1 4 7 0 3 6 9 2 5 8 1 4 7 0 3 6 9 2 5 8 1 4 7 0 3 6 9 2 5 8 1 4 7 0 3 6 9 2 5 8 1 4 7 0 3 6 9 2 5 8 1 4 7 0 3 6 9 2 5 8 1 4 7 0 3 6 9 2 5 8 1 4 7 0
2 8 5 1 4 7 0 3 6 9 2 8 5 1 4 7 0 3 6 9 2 8 5 1 4 7 0 3 6 9 2 8 5 1 4 7 0 3 6 9 2 8 5 1 4 7 0 3 6 9 2 8 5 1 4 7 0 3 6 9 2 8 5 1 4 7 0 3 6 9 2 8 5 1 4 7 0 3 6 9 2 8 5 1 4 7 0 3 6 9 2 8 5 1 4 7 0 3 6 9
0 9 6 3 2 5 8 1 4 7 0 9 6 3 2 5 8 1 4 7 0 9 6 3 2 5 8 1 4 7 0 9 6 3 2 5 8 1 4 7 0 9 6 3 2 5 8 1 4 7 0 9 6 3 2 5 8 1 4 7 0 9 6 3 2 5 8 1 4 7 0 9 6 3 2 5 8 1 4 7 0 9 6 3 2 5 8 1 4 7 0 9 6 3 2 5 8 1 4 7
4 7 0 3 6 9 2 5 8 1 4 7 0 3 6 9 2 5 8 1 4 7 0 3 6 9 2 5 8 1 4 7 0 3 6 9 2 5 8 1 4 7 0 3 6 9 2 5 8 1 4 7 0 3 6 9 2 5 8 1 4 7 0 3 6 9 2 5 8 1 4 7 0 3 6 9 2 5 8 1 4 7 0 3 6 9 2 5 8 1 4 7 0 3 6 9 2 5 8 1
5 8 1 4 7 0 3 6 9 2 5 8 1 4 7 0 3 6 9 2 5 8 1 4 7 0 3 6 9 2 5 8 1 4 7 0 3 6 9 2 5 8 1 4 7 0 3 6 9 2 5 8 1 4 7 0 3 6 9 2 5 8 1 4 7 0 3 6 9 2 5 8 1 4 7 0 3 6 9 2 5 8 1 4 7 0 3 6 9 2 5 8 1 4 7 0 3 6 9 2
6 9 2 5 8 1 4 7 0 3 6 9 2 5 8 1 4 7 0 3 6 9 2 5 8 1 4 7 0 3 6 9 2 5 8 1 4 7 0 3 6 9 2 5 8 1 4 7 0 3 6 9 2 5 8 1 4 7 0 3 6 9 2 5 8 1 4 7 0 3 6 9 2 5 8 1 4 7 0 3 6 9 2 5 8 1 4 7 0 3 6 9 2 5 8 1 4 7 0 3
7 0 3 6 9 2 5 8 1 4 7 0 3 6 9 2 5 8 1 4 7 0 3 6 9 2 5 8 1 4 7 0 3 6 9 2 5 8 1 4 7 0 3 6 9 2 5 8 1 4 7 0 3 6 9 2 5 8 1 4 7 0 3 6 9 2 5 8 1 4 7 0 3 6 9 2 5 8 1 4 7 0 3 6 9 2 5 8 1 4 7 0 3 6 9 2 5 8 1 4
9 2 5 8 1 4 7 0 3 6 9 2 5 8 1 4 7 0 3 6 9 2 5 8 1 4 7 0 3 6 9 2 5 8 1 4 7 0 3 6 9 2 5 8 1 4 7 0 3 6 9 2 5 8 1 4 7 0 3 6 9 2 5 8 1 4 7 0 3 6 9 2 5 8 1 4 7 0 3 6 9 2 5 8 1 4 7 0 3 6 9 2 5 8 1 4 7 0 3 6
8 5 2 9 0 7 1 4 6 3 8 5 2 9 0 7 1 4 6 3 8 5 2 9 0 7 1 4 6 3 8 5 2 9 0 7 1 4 6 3 8 5 2 9 0 7 1 4 6 3 8 5 2 9 0 7 1 4 6 3 8 5 2 9 0 7 1 4 6 3 8 5 2 9 0 7 1 4 6 3 8 5 2 9 0 7 1 4 6 3 8 5 2 9 0 7 1 4 6 3
1 7 4 0 9 6 3 2 8 5 1 7 4 0 9 6 3 2 8 5 1 7 4 0 9 6 3 2 8 5 1 7 4 0 9 6 3 2 8 5 1 7 4 0 9 6 3 2 8 5 1 7 4 0 9 6 3 2 8 5 1 7 4 0 9 6 3 2 8 5 1 7 4 0 9 6 3 2 8 5 1 7 4 0 9 6 3 2 8 5 1 7 4 0 9 6 3 2 8 5
3 6 9 2 5 8 1 4 7 0 3 6 9 2 5 8 1 4 7 0 3 6 9 2 5 8 1 4 7 0 3 6 9 2 5 8 1 4 7 0 3 6 9 2 5 8 1 4 7 0 3 6 9 2 5 8 1 4 7 0 3 6 9 2 5 8 1 4 7 0 3 6 9 2 5 8 1 4 7 0 3 6 9 2 5 8 1 4 7 0 3 6 9 2 5 8 1 4 7 0
2 8 5 1 4 7 0 3 6 9 2 8 5 1 4 7 0 3 6 9 2 8 5 1 4 7 0 3 6 9 2 8 5 1 4 7 0 3 6 9 2 8 5 1 4 7 0 3 6 9 2 8 5 1 4 7 0 3 6 9 2 8 5 1 4 7 0 3 6 9 2 8 5 1 4 7 0 3 6 9 2 8 5 1 4 7 0 3 6 9 2 8 5 1 4 7 0 3 6 9
0 9 6 3 2 5 8 1 4 7 0 9 6 3 2 5 8 1 4 7 0 9 6 3 2 5 8 1 4 7 0 9 6 3 2 5 8 1 4 7 0 9 6 3 2 5 8 1 4 7 0 9 6 3 2 5 8 1 4 7 0 9 6 3 2 5 8 1 4 7 0 9 6 3 2 5 8 1 4 7 0 9 6 3 2 5 8 1 4 7 0 9 6 3 2 5 8 1 4 7
4 7 0 3 6 9 2 5 8 1 4 7 0 3 6 9 2 5 8 1 4 7 0 3 6 9 2 5 8 1 4 7 0 3 6 9 2 5 8 1 4 7 0 3 6 9 2 5 8 1 4 7 0 3 6 9 2 5 8 1 4 7 0 3 6 9 2 5 8 1 4 7 0 3 6 9 2 5 8 1 4 7 0 3 6 9 2 5 8 1 4 7 0 3 6 9 2 5 8 1
5 8 1 4 7 0 3 6 9 2 5 8 1 4 7 0 3 6 9 2 5 8 1 4 7 0 3 6 9 2 5 8 1 4 7 0 3 6 9 2 5 8 1 4 7 0 3 6 9 2 5 8 1 4 7 0 3 6 9 2 5 8 1 4 7 0 3 6 9 2 5 8 1 4 7 0 3 6 9 2 5 8 1 4 7 0 3 6 9 2 5 8 1 4 7 0 3 6 9 2
6 9 2 5 8 1 4 7 0 3 6 9 2 5 8 1 4 7 0 3 6 9 2 5 8 1 4 7 0 3 6 9 2 5 8 1 4 7 0 3 6 9 2 5 8 1 4 7 0 3 6 9 2 5 8 1 4 7 0 3 6 9 2 5 8 1 4 7 0 3 6 9 2 5 8 1 4 7 0 3 6 9 2 5 8 1 4 7 0 3 6 9 2 5 8 1 4 7 0 3
7 0 3 6 9 2 5 8 1 4 7 0 3 6 9 2 5 8 1 4 7 0 3 6 9 2 5 8 1 4 7 0 3 6 9 2 5 8 1 4 7 0 3 6 9 2 5 8 1 4 7 0 3 6 9 2 5 8 1 4 7 0 3 6 9 2 5 8 1 4 7 0 3 6 9 2 5 8 1 4 7 0 3 6 9 2 5 8 1 4 7 0 3 6 9 2 5 8 1 4
9 2 5 8 1 4 7 0 3 6 9 2 5 8 1 4 7 0 3 6 9 2 5 8 1 4 7 0 3 6 9 2 5 8 1 4 7 0 3 6 9 2 5 8 1 4 7 0 3 6 9 2 5 8 1 4 7 0 3 6 9 2 5 8 1 4 7 0 3 6 9 2 5 8 1 4 7 0 3 6 9 2 5 8 1 4 7 0 3 6 9 2 5 8 1 4 7 0 3 6
8 5 2 9 0 7 1 4 6 3 8 5 2 9 0 7 1 4 6 3 8 5 2 9 0 7 1 4 6 3 8 5 2 9 0 7 1 4 6 3 8 5 2 9 0 7 1 4 6 3 8 5 2 9 0 7 1 4 6 3 8 5 2 9 0 7 1 4 6 3 8 5 2 9 0 7 1 4 6 3 8 5 2 9 0 7 1 4 6 3 8 5 2 9 0 7 1 4 6 3
1 7 4 0 9 6 3 2 8 5 1 7 4 0 9 6 3 2 8 5 1 7 4 0 9 6 3 2 8 5 1 7 4 0 9 6 3 2 8 5 1 7 4 0 9 6 3 2 8 5 1 7 4 0 9 6 3 2 8 5 1 7 4 0 9 6 3 2 8 5 1 7 4 0 9 6 3 2 8 5 1 7 4 0 9 6 3 2 8 5 1 7 4 0 9 6 3 2 8 5
3 6 9 2 5 8 1 4 7 0 3 6 9 2 5 8 1 4 7 0 3 6 9 2 5 8 1 4 7 0 3 6 9 2 5 8 1 4 7 0 3 6 9 2 5 8 1 4 7 0 3 6 9 2 5 8 1 4 7 0 3 6 9 2 5 8 1 4 7 0 3 6 9 2 5 8 1 4 7 0 3 6 9 2 5 8 1 4 7 0 3 6 9 2 5 8 1 4 7 0
2 8 5 1 4 7 0 3 6 9 2 8 5 1 4 7 0 3 6 9 2 8 5 1 4 7 0 3 6 9 2 8 5 1 4 7 0 3 6 9 2 8 5 1 4 7 0 3 6 9 2 8 5 1 4 7 0 3 6 9 2 8 5 1 4 7 0 3 6 9 2 8 5 1 4 7 0 3 6 9 2 8 5 1 4 7 0 3 6 9 2 8 5 1 4 7 0 3 6 9
0 9 6 3 2 5 8 1 4 7 0 9 6 3 2 5 8 1 4 7 0 9 6 3 2 5 8 1 4 7 0 9 6 3 2 5 8 1 4 7 0 9 6 3 2 5 8 1 4 7 0 9 6 3 2 5 8 1 4 7 0 9 6 3 2 5 8 1 4 7 0 9 6 3 2 5 8 1 4 7 0 9 6 3 2 5 8 1 4 7 0 9 6 3 2 5 8 1 4 7
4 7 0 3 6 9 2 5 8 1 4 7 0 3 6 9 2 5 8 1 4 7 0 3 6 9 2 5 8 1 4 7 0 3 6 9 2 5 8 1 4 7 0 3 6 9 2 5 8 1 4 7 0 3 6 9 2 5 8 1 4 7 0 3 6 9 2 5 8 1 4 7 0 3 6 9 2 5 8 1 4 7 0 3 6 9 2 5 8 1 4 7 0 3 6 9 2 5 8 1
5 8 1 4 7 0 3 6 9 2 5 8 1 4 7 0 3 6 9 2 5 8 1 4 7 0 3 6 9 2 5 8 1 4 7 0 3 6 9 2 5 8 1 4 7 0 3 6 9 2 5 8 1 4 7 0 3 6 9 2 5 8 1 4 7 0 3 6 9 2 5 8 1 4 7 0 3 6 9 2 5 8 1 4 7 0 3 6 9 2 5 8 1 4 7 0 3 6 9 2
6 9 2 5 8 1 4 7 0 3 6 9 2 5 8 1 4 7 0 3 6 9 2 5 8 1 4 7 0 3 6 9 2 5 8 1 4 7 0 3 6 9 2 5 8 1 4 7 0 3 6 9 2 5 8 1 4 7 0 3 6 9 2 5 8 1 4 7 0 3 6 9 2 5 8 1 4 7 0 3 6 9 2 5 8 1 4 7 0 3 6 9 2 5 8 1 4 7 0 3
7 0 3 6 9 2 5 8 1 4 7 0 3 6 9 2 5 8 1 4 7 0 3 6 9 2 5 8 1 4 7 0 3 6 9 2 5 8 1 4 7 0 3 6 9 2 5 8 1 4 7 0 3 6 9 2 5 8 1 4 7 0 3 6 9 2 5 8 1 4 7 0 3 6 9 2 5 8 1 4 7 0 3 6 9 2 5 8 1 4 7 0 3 6 9 2 5 8 1 4
9 2 5 8 1 4 7 0 3 6 9 2 5 8 1 4 7 0 3 6 9 2 5 8 1 4 7 0 3 6 9 2 5 8 1 4 7 0 3 6 9 2 5 8 1 4 7 0 3 6 9 2 5 8 1 4 7 0 3 6 9 2 5 8 1 4 7 0 3 6 9 2 5 8 1 4 7 0 3 6 9 2 5 8 1 4 7 0 3 6 9 2 5 8 1 4 7 0 3 6
8 5 2 9 0 7 1 4 6 3 8 5 2 9 0 7 1 4 6 3 8 5 2 9 0 7 1 4 6 3 8 5 2 9 0 7 1 4 6 3 8 5 2 9 0 7 1 4 6 3 8 5 2 9 0 7 1 4 6 3 8 5 2 9 0 7 1 4 6 3 8 5 2 9 0 7 1 4 6 3 8 5 2 9 0 7 1 4 6 3 8 5 2 9 0 7 1 4 6 3
1 7 4 0 9 6 3 2 8 5 1 7 4 0 9 6 3 2 8 5 1 7 4 0 9 6 3 2 8 5 1 7 4 0 9 6 3 2 8 5 1 7 4 0 9 6 3 2 8 5 1 7 4 0 9 6 3 2 8 5 1 7 4 0 9 6 3 2 8 5 1 7 4 0 9 6 3 2 8 5 1 7 4 0 9 6 3 2 8 5 1 7 4 0 9 6 3 2 8 5
3 6 9 2 5 8 1 4 7 0 3 6 9 2 5 8 1 4 7 0 3 6 9 2 5 8 1 4 7 0 3 6 9 2 5 8 1 4 7 0 3 6 9 2 5 8 1 4 7 0 3 6 9 2 5 8 1 4 7 0 3 6 9 2 5 8 1 4 7 0 3 6 9 2 5 8 1 4 7 0 3 6 9 2 5 8 1 4 7 0 3 6 9 2 5 8 1 4 7 0
2 8 5 1 4 7 0 3 6 9 2 8 5 1 4 7 0 3 6 9 2 8 5 1 4 7 0 3 6 9 2 8 5 1 4 7 0 3 6 9 2 8 5 1 4 7 0 3 6 9 2 8 5 1 4 7 0 3 6 9 2 8 5 1 4 7 0 3 6 9 2 8 5 1 4 7 0 3 6 9 2 8 5 1 4 7 0 3 6 9 2 8 5 1 4 7 0 3 6 9
0 9 6 3 2 5 8 1 4 7 0 9 6 3 2 5 8 1 4 7 0 9 6 3 2 5 8 1 4 7 0 9 6 3 2 5 8 1 4 7 0 9 6 3 2 5 8 1 4 7 0 9 6 3 2 5 8 1 4 7 0 9 6 3 2 5 8 1 4 7 0 9 6 3 2 5 8 1 4 7 0 9 6 3 2 5 8 1 4 7 0 9 6 3 2 5 8 1 4 7
4 7 0 3 6 9 2 5 8 1 4 7 0 3 6 9 2 5 8 1 4 7 0 3 6 9 2 5 8 1 4 7 0 3 6 9 2 5 8 1 4 7 0 3 6 9 2 5 8 1 4 7 0 3 6 9 2 5 8 1 4 7 0 3 6 9 2 5 8 1 4 7 0 3 6 9 2 5 8 1 4 7 0 3 6 9 2 5 8 1 4 7 0 3 6 9 2 5 8 1
5 8 1 4 7 0 3 6 9 2 5 8 1 4 7 0 3 6 9 2 5 8 1 4 7 0 3 6 9 2 5 8 1 4 7 0 3 6 9 2 5 8 1 4 7 0 3 6 9 2 5 8 1 4 7 0 3 6 9 2 5 8 1 4 7 0 3 6 9 2 5 8 1 4 7 0 3 6 9 2 5 8 1 4 7 0 3 6 9 2 5 8 1 4 7 0 3 6 9 2
6 9 2 5 8 1 4 7 0 3 6 9 2 5 8 1 4 7 0 3 6 9 2 5 8 1 4 7 0 3 6 9 2 5 8 1 4 7 0 3 6 9 2 5 8 1 4 7 0 3 6 9 2 5 8 1 4 7 0 3 6 9 2 5 8 1 4 7 0 3 6 9 2 5 8 1 4 7 0 3 6 9 2 5 8 1 4 7 0 3 6 9 2 5 8 1 4 7 0 3
7 0 3 6 9 2 5 8 1 4 7 0 3 6 9 2 5 8 1 4 7 0 3 6 9 2 5 8 1 4 7 0 3 6 9 2 5 8 1 4 7 0 3 6 9 2 5 8 1 4 7 0 3 6 9 2 5 8 1 4 7 0 3 6 9 2 5 8 1 4 7 0 3 6 9 2 5 8 1 4 7 0 3 6 9 2 5 8 1 4 7 0 3 6 9 2 5 8 1 4
9 2 5 8 1 4 7 0 3 6 9 2 5 8 1 4 7 0 3 6 9 2 5 8 1 4 7 0 3 6 9 2 5 8 1 4 7 0 3 6 9 2 5 8 1 4 7 0 3 6 9 2 5 8 1 4 7 0 3 6 9 2 5 8 1 4 7 0 3 6 9 2 5 8 1 4 7 0 3 6 9 2 5 8 1 4 7 0 3 6 9 2 5 8 1 4 7 0 3 6
8 5 2 9 0 7 1 4 6 3 8 5 2 9 0 7 1 4 6 3 8 5 2 9 0 7 1 4 6 3 8 5 2 9 0 7 1 4 6 3 8 5 2 9 0 7 1 4 6 3 8 5 2 9 0 7 1 4 6 3 8 5 2 9 0 7 1 4 6 3 8 5 2 9 0 7 1 4 6 3 8 5 2 9 0 7 1 4 6 3 8 5 2 9 0 7 1 4 6 3
1 7 4 0 9 6 3 2 8 5 1 7 4 0 9 6 3 2 8 5 1 7 4 0 9 6 3 2 8 5 1 7 4 0 9 6 3 2 8 5 1 7 4 0 9 6 3 2 8 5 1 7 4 0 9 6 3 2 8 5 1 7 4 0 9 6 3 2 8 5 1 7 4 0 9 6 3 2 8 5 1 7 4 0 9 6 3 2 8 5 1 7 4 0 9 6 3 2 8 5
3 6 9 2 5 8 1 4 7 0 3 6 9 2 5 8 1 4 7 0 3 6 9 2 5 8 1 4 7 0 3 6 9 2 5 8 1 4 7 0 3 6 9 2 5 8 1 4 7 0 3 6 9 2 5 8 1 4 7 0 3 6 9 2 5 8 1 4 7 0 3 6 9 2 5 8 1 4 7 0 3 6 9 2 5 8 1 4 7 0 3 6 9 2 5 8 1 4 7 0
2 8 5 1 4 7 0 3 6 9 2 8 5 1 4 7 0 3 6 9 2 8 5 1 4 7 0 3 6 9 2 8 5 1 4 7 0 3 6 9 2 8 5 1 4 7 0 3 6 9 2 8 5 1 4 7 0 3 6 9 2 8 5 1 4 7 0 3 6 9 2 8 5 1 4 7 0 3 6 9 2 8 5 1 4 7 0 3 6 9 2 8 5 1 4 7 0 3 6 9
0 9 6 3 2 5 8 1 4 7 0 9 6 3 2 5 8 1 4 7 0 9 6 3 2 5 8 1 4 7 0 9 6 3 2 5 8 1 4 7 0 9 6 3 2 5 8 1 4 7 0 9 6 3 2 5 8 1 4 7 0 9 6 3 2 5 8 1 4 7 0 9 6 3 2 5 8 1 4 7 0 9 6 3 2 5 8 1 4 7 0 9 6 3 2 5 8 1 4 7
4 7 0 3 6 9 2 5 8 1 4 7 0 3 6 9 2 5 8 1 4 7 0 3 6 9 2 5 8 1 4 7 0 3 6 9 2 5 8 1 4 7 0 3 6 9 2 5 8 1 4 7 0 3 6 9 2 5 8 1 4 7 0 3 6 9 2 5 8 1 4 7 0 3 6 9 2 5 8 1 4 7 0 3 6 9 2 5 8 1 4 7 0 3 6 9 2 5 8 1
5 8 1 4 7 0 3 6 9 2 5 8 1 4 7 0 3 6 9 2 5 8 1 4 7 0 3 6 9 2 5 8 1 4 7 0 3 6 9 2 5 8 1 4 7 0 3 6 9 2 5 8 1 4 7 0 3 6 9 2 5 8 1 4 7 0 3 6 9 2 5 8 1 4 7 0 3 6 9 2 5 8 1 4 7 0 3 6 9 2 5 8 1 4 7 0 3 6 9 2
6 9 2 5 8 1 4 7 0 3 6 9 2 5 8 1 4 7 0 3 6 9 2 5 8 1 4 7 0 3 6 9 2 5 8 1 4 7 0 3 6 9 2 5 8 1 4 7 0 3 6 9 2 5 8 1 4 7 0 3 6 9 2 5 8 1 4 7 0 3 6 9 2 5 8 1 4 7 0 3 6 9 2 5 8 1 4 7 0 3 6 9 2 5 8 1 4 7 0 3
7 0 3 6 9 2 5 8 1 4 7 0 3 6 9 2 5 8 1 4 7 0 3 6 9 2 5 8 1 4 7 0 3 6 9 2 5 8 1 4 7 0 3 6 9 2 5 8 1 4 7 0 3 6 9 2 5 8 1 4 7 0 3 6 9 2 5 8 1 4 7 0 3 6 9 2 5 8 1 4 7 0 3 6 9 2 5 8 1 4 7 0 3 6 9 2 5 8 1 4
9 2 5 8 1 4 7 0 3 6 9 2 5 8 1 4 7 0 3 6 9 2 5 8 1 4 7 0 3 6 9 2 5 8 1 4 7 0 3 6 9 2 5 8 1 4 7 0 3 6 9 2 5 8 1 4 7 0 3 6 9 2 5 8 1 4 7 0 3 6 9 2 5 8 1 4 7 0 3 6 9 2 5 8 1 4 7 0 3 6 9 2 5 8 1 4 7 0 3 6

